100
245620
100101
4001011121
76
A0B170A
77
31384632930
21762
414B67B3BB1477
11
27CBC
220220301310
130287A212B0
826164257253537
3310
512
46540
50121222
4B54AB468486
93D1
1
1300
434
A
19D
101010
1110102112200
A6524484010A15
31011240
35701532673
567
10111
302112113
1020122121211
2112121
3501104254210
B34A80
31333011002
7335835798
231120032031
263325
13002201310
1003423431
10413312231112
216496B6
3B02
18551027
333312443242
251B4443
25DD
2111202112
64947A35494486
836728088555423
1350350211325
54
91
4A4037
11010011111021
12000100
822DCB312DBAC4E
1414521322
C6D718448B9
384A0B364B581
A3436245A
874
13045653332
4780432
23613421
2210030323
222112202122
74
1010110
278B9A4C0
1222012
10212311203
97848
11100
61732334771
2D1D
8DDCB958
45183
11110011000
AB8617C51BDB2D
133373277
4273B
757556654751
F6F3
5884155A
B
2644162161327
623412
168
513
330132
1210000
10
1184
7A5
1206176A31
26220253114652